+-----------+------+------+------+------+-------+-------+-------+--------+--------+--------+---------+
| Threads\N | 1024 | 2048 | 4096 | 8192 | 16384 | 32768 | 65536 | 131072 | 262144 | 524288 | 1048576 |
+-----------+------+------+------+------+-------+-------+-------+--------+--------+--------+---------+
| TH 1      | 334  | 317  | 506  | 895  | 1947  | 3792  | 7846  | 16671  | 26956  | 58425  | 128350  |
| TH 2      | 518  | 457  | 595  | 792  | 1278  | 2321  | 4459  | 9171   | 20197  | 39773  | 85028   |
| TH 3      | 485  | 410  | 547  | 763  | 1281  | 2301  | 4520  | 9271   | 19680  | 40365  | 78116   |
| TH 4      | 864  | 696  | 777  | 904  | 1355  | 2257  | 4272  | 6441   | 17735  | 31506  | 75444   |
| TH 5      | 756  | 1116 | 703  | 864  | 1282  | 2229  | 4100  | 8288   | 16930  | 36529  | 59924   |
| TH 6      | 797  | 653  | 709  | 853  | 1167  | 2462  | 3285  | 8696   | 12914  | 37937  | 78449   |
| TH 7      | 741  | 646  | 695  | 860  | 1232  | 2258  | 3430  | 8658   | 12197  | 26052  | 62189   |
| TH 8      | 1405 | 1165 | 1305 | 1404 | 1689  | 2354  | 4158  | 9982   | 13742  | 29632  | 68094   |
+-----------+------+------+------+------+-------+-------+-------+--------+--------+--------+---------+