+-----------+------+------+------+------+-------+-------+-------+--------+--------+--------+---------+
| Threads\N | 1024 | 2048 | 4096 | 8192 | 16384 | 32768 | 65536 | 131072 | 262144 | 524288 | 1048576 |
+-----------+------+------+------+------+-------+-------+-------+--------+--------+--------+---------+
| TH 1      | 114  | 241  | 522  | 1124 | 2405  | 5208  | 10992 | 23818  | 52362  | 100307 | 213435  |
| TH 2      | 390  | 405  | 622  | 1043 | 1967  | 4283  | 8176  | 16686  | 34200  | 70836  | 155017  |
| TH 3      | 427  | 524  | 702  | 1116 | 2149  | 3967  | 8288  | 16245  | 31327  | 69286  | 141853  |
| TH 4      | 656  | 657  | 796  | 1300 | 2094  | 3929  | 7780  | 35786  | 33770  | 65854  | 142046  |
| TH 5      | 681  | 695  | 878  | 1248 | 2236  | 4030  | 7866  | 17736  | 31072  | 64389  | 129909  |
| TH 6      | 916  | 798  | 1040 | 1476 | 3139  | 5854  | 7920  | 15394  | 30604  | 62427  | 130913  |
| TH 7      | 834  | 906  | 1134 | 1577 | 2522  | 4270  | 7977  | 15651  | 31071  | 64508  | 130545  |
| TH 8      | 901  | 902  | 1190 | 1604 | 2613  | 4618  | 8495  | 17302  | 32937  | 75284  | 131824  |
+-----------+------+------+------+------+-------+-------+-------+--------+--------+--------+---------+