+-----------+--------+--------+---------+---------+---------+----------+----------+----------+
| Threads\N | 262144 | 524288 | 1048576 | 2097152 | 4194304 | 8388608  | 16777216 | 33554432 |
+-----------+--------+--------+---------+---------+---------+----------+----------+----------+
| TH 1      | 392963 | 602528 | 1183496 | 2247185 | 4386227 | 8561369  | 17784342 | 40148199 |
| TH 2      | 406811 | 637992 | 1245391 | 2310411 | 4590995 | 8324287  | 19978241 | 36735927 |
| TH 3      | 402374 | 669861 | 1184699 | 2215604 | 4678053 | 8714182  | 17378414 | 36150873 |
| TH 4      | 467402 | 748850 | 1319969 | 2486199 | 5179887 | 10004870 | 19726618 | 42504212 |
| TH 5      | 530660 | 836133 | 1471672 | 2838222 | 5601005 | 10645142 | 18132484 | 36259152 |
| TH 6      | 455380 | 784200 | 1237191 | 2584312 | 4504054 | 9673087  | 17848419 | 35682544 |
| TH 7      | 453873 | 664795 | 1290274 | 2491622 | 4689844 | 9223830  | 18167727 | 39252320 |
| TH 8      | 565047 | 791678 | 1345647 | 2555015 | 5200860 | 10031825 | 19914673 | 40507717 |
+-----------+--------+--------+---------+---------+---------+----------+----------+----------+