+-----------+--------+--------+---------+---------+---------+---------+----------+----------+
| Threads\N | 262144 | 524288 | 1048576 | 2097152 | 4194304 | 8388608 | 16777216 | 33554432 |
+-----------+--------+--------+---------+---------+---------+---------+----------+----------+
| TH 1      | 438320 | 612210 | 1181388 | 2165554 | 4623405 | 8838322 | 19199931 | 35674471 |
| TH 2      | 413200 | 652297 | 1135724 | 2263873 | 4306044 | 8441383 | 17006729 | 35600370 |
| TH 3      | 463207 | 675549 | 1323701 | 2474950 | 4720952 | 9468253 | 19225031 | 38111151 |
| TH 4      | 469172 | 758663 | 1330857 | 2433171 | 4732516 | 9828844 | 18966220 | 37797745 |
| TH 5      | 497971 | 756876 | 1294961 | 2548921 | 4716582 | 9179459 | 18742166 | 37579582 |
| TH 6      | 679554 | 696433 | 1231662 | 2457859 | 4641596 | 9975439 | 17938208 | 33056861 |
| TH 7      | 619589 | 632871 | 1131786 | 2104688 | 4121552 | 8518797 | 16082130 | 32787338 |
| TH 8      | 668464 | 736895 | 1142167 | 2154014 | 4268954 | 8275911 | 16209649 | 32966167 |
+-----------+--------+--------+---------+---------+---------+---------+----------+----------+